-1218 9412
6803 -155
6608 5443
1246 -3767
4030 -6601
8087 -3898
1879 -7344
-3316 579
7415 3790
5024 403
-6474 8650
3267 -3461
4998 -7398
-3319 -5374
5045 -1884
1012 -3177
-1280 751
-9408 1644
-7118 -2939
-3009 8736
5031 -6916
9956 4413
3813 -8881
500 5720
1533 9550
-5456 -6415
-8982 -2745
5195 5222
-789 6562
-3488 5424
1884 5246
-4405 -7923
-3319 5574
-5776 1687
384 -4148
-6074 2100
-4632 -1360
-5960 8960
3385 3125
-653 -777
7523 6555
3862 -9892
-2367 7247
2073 -7945
-4482 5196
8138 -3433
61 -9816
-5205 -6227
4887 -6771
-667 -3601
-7120 -5810
4745 1923
-8200 -319
-4642 -2693
-984 -4586
5908 8006
2989 -7414
6297 7665
-1367 9750
294 1067
-2809 -3057
-1900 -1686
1183 -445
6398 -3481
-1464 7661
-2353 -4077
2048 -2418
-3208 1118
-8282 4247
-4467 9708
-9839 -7618
4953 -711
9273 -8071
3188 6804
5741 3293
8909 3909
-3221 -7392
5030 9158
-1730 4076
8499 8567
-6691 -6269
-3491 23
-5216 6336
-3368 2445
-489 -6178
-1148 6627
-8711 2434
858 -5129
-7952 9445
-9756 4803
8659 -3987
5166 -410
-9801 -3666
-6221 26
-3170 -1059
1877 -8167
-1999 6977
-8996 -6170
1857 -9778
-3818 -3871
7054 -2687
3795 9318
2233 -7335
-3370 -2611
523 2146
-3759 -3768
-8355 -6616
2455 6575
9754 1717
-9006 -463
-6950 -7582
-4258 7710
-1357 9882
1171 -2595
-554 -496
1987 5929
2535 -7278
940 -3581
-2612 -9954
-3184 -6068
-5221 -6956
-2189 -2482
3864 -9133
2439 -5278
455 4509
7048 -2708
-1730 -1796
1407 -3851
-7606 -4781
-6156 783
-952 -3189
-6419 5176
7117 -5039
-1675 -1843
-4763 -433
3923 -9249
3177 -8498
-3969 3198
-427 5220
1816 -3139
2375 -5894
-8507 -418
-1971 -2246
4267 -2936
-689 1913
9748 -8390
8263 5412
7143 3374
-8284 -6447
-2351 -4440
-46 -663
-4097 6973
-7034 7653
1228 -2728
5699 -44
4309 -1553
-5792 -751
-970 5035
-1448 -176
-7463 -9957
2943 5890
8885 -24
1446 7219
-4618 1407
9521 9543
1169 3266
-8361 842
7294 -5191
-7852 -9121
-2358 -2879
9378 -4770
-2067 448
353 -9640
2536 -4685
-2013 5915
7253 -4212
8880 9709
2648 3411
6429 3520
7896 -6732
-2003 -8160
-8871 5578
-9903 -2868
-7847 9947
-5371 -742
6879 2721
-6473 -6567
-3554 -6618
3023 -6326
-3386 279
8733 9927
6501 -1481
-1433 6486
-4286 -4512
9911 9519
-962 -3915
1244 9404
-183 -9830
-5095 -2272
-8211 9661
365 -6511
4408 7105
6929 -8429
-8868 6012
-5023 -1860
2213 -5053
-7359 3923
4114 -763
-7736 -8156
-9890 688
5677 469
-7551 -7688
-4628 -4981
-2379 548
-9582 -426
100 3844
4916 6957
6561 -4010
-1380 -7374
9260 -1347
-8653 6265
-7466 2914
6340 5393
9765 -8839
1991 6708
9874 4814
-9993 -6534
-8264 -3709
2599 8310
2925 -8401
-8129 -5058
-8675 4654
-9252 2695
-2053 1563
850 -8487
-7733 7077
-5422 -8930
-5535 -3895
9808 -8158
7506 -7194
3457 1822
3989 -1116
-6906 -3121
1798 3274
-6923 9378
-2528 -1926
-3598 1701
-469 -5818
-7484 -8320
1501 3744
-3899 8797
4896 1695
6850 490
7216 -8018
7452 4187
-7265 4238
-2698 -8670
-1948 3333
5368 -1000
-3057 -3386
8156 8295
-9680 6121
-7761 9842
-2786 -6231
5500 -6868
4343 7813
3122 8174
6733 -3626
3265 5967
-2176 -5181
-2589 4349
-5538 6703
-5281 6433
-1281 9669
9822 3143
5121 3349
5403 -4335
1363 -6193
397 5095
-481 8297
-4942 3918
-340 -6450
7248 9693
-5931 -5569
-4628 7921
-2404 3506
-138 -1719
1521 -3621
3516 4073
1561 -9868
-6849 2158
8770 843
9974 7895
5105 2434
1891 -9978
-7151 -125
-7732 7460
-7724 -2693
-542 6282
-3424 -5093
4584 6192
-946 167
3096 5837
5519 -3976
8430 186
6358 7723
1970 -7563
-4922 -7135
-7715 -3112
-6654 429
9346 943
-1415 -688
-9014 2557
9552 -2803
9498 8455
-2677 8301
-1449 5470
249 -6510
-955 -4215
5140 -9334
8523 7695
-9893 4336
8398 3586
4880 6854
-5534 4248
-4204 7128
7068 -4730
-6007 -6104
-9731 -8619
3150 -6793
1931 5409
793 -5547
6600 4564
-4588 2047
-1999 6057
1071 -2892
-4743 4090
8863 -3563
9151 3284
-2216 -9384
4056 -8314
5840 -2393
9698 9671
-4771 4220
-2580 4401
2512 1732
5494 -3576
7576 6712
5079 -7928
-6233 1350
-3536 5312
-4090 -2788
-1559 -2770
7037 -9030
-1051 -1253
-7228 -3407
7789 7848
-3587 -4765
1971 -8447
-1290 1021
494 1834
2397 -3176
-8686 4566
-1123 -992
-4325 856
5205 9687
9329 -2512
-7250 -6149
-8280 -2912
-5543 -3687
4207 -2783
7719 -6731
-9572 -5843
5332 -7711
-6035 -2927
-6931 7132
-6009 2405
3707 -273
-4840 -271
5093 3121
5239 1335
8457 -7130
8241 -5136
-312 4531
7027 9250
-8175 6042
-1566 7317
-9286 7270
6760 -2978
6137 -9503
7538 -9838
1351 -5786
5773 1228
3631 2961
-225 8915
7579 -1303
949 -732
-2113 5642
-2406 7143
4695 -969
-537 -1743
6788 -1953
-1363 -4130
-1328 4914
-4249 -734
1183 -6562
-5912 3377
-9226 -6978
-7387 5034
8436 -3318
-7436 4130
4065 5142
-2685 9995
6994 1831
3036 4237
-7894 840
-6440 -4482
6315 -4398
2948 9857
5353 7079
5915 9797
7470 -3277
866 298
6210 964
-1858 8741
1693 3744
1209 1629
-8289 -6523
9309 8377
-5301 -6378
7708 -6986
5225 121
-5748 -5318
-7219 -7127
-9818 -9966
2632 -6911
-5048 -6641
7826 5459
5035 -6146
7300 8500
7397 -4415
2069 512
8518 2187
-6199 -148
1608 -4617
7735 558
-1434 -4712
-2030 -3302
-6916 6071
-6242 5165
7232 -4573
-4885 4630
1164 3093
-9856 -2698
-4943 -2083
-5882 -4277
-9489 -3339
6486 -5550
8265 6784
961 7227
-8368 -9257
-3089 126
-318 -5437
5567 -2400
9537 470
6114 7944
3399 -8851
2986 6090
7931 9285
-6627 -7630
6382 -2125
-5579 -1905
-6703 -436
-2882 -8315
-950 -2841
4080 8314
3656 -8457
-8606 3652
-355 7761
2898 6302
5481 -5569
5541 2641
-4702 -6276
-9562 9132
9606 -8443
-9184 3502
4492 -2601
-6519 6622
6762 -1811
8123 -9047
5577 -2962
1839 8653
3779 -6034
1551 -7982
-500 -9626
-5444 -296
8492 1967
7451 -4330
-1575 -3549
-1343 -3097
-8891 -9513
-4801 -4734
-4215 6860
4818 -4142
6139 4503
7350 7455
850 1675
-4703 9660
-5251 -4960
-6290 -9399
7474 -8614
-4467 -3580
-8275 -6138
1161 2153
-6892 -4476
-6502 2434
6879 7600
4487 -3278
5588 -4860
-8598 -1995
-2171 4150
4322 806
2729 8732
6586 5241
-5330 5920
-7168 -2587
4574 7060
5340 -9842
3169 7892
1238 -5202
2981 93
3402 472
-9092 8329
-5985 -6233
321 8398
-2540 -9037
6437 -2508
-7797 4965
-7528 6705
-4286 5606
4103 -6696
1938 -5295
3452 1774
947 -8107
-43 -2189
1550 2042
7662 -4075
-1882 352
6921 -5406
7712 -8136
1169 8778
8972 7564
1010 -1187
-1798 -5288
-1858 928
8024 2207
2066 6067
-2057 6309
3616 3792
1679 6516
-8621 -7072
5297 -8194
-2672 -5791
-8662 -5588
-2463 9464
6304 -6644
6787 -2325
-6494 -4804
-3991 -6837
-7620 813
5498 4779
-5014 -9797
8803 -3814
9692 4804
-3924 -5890
3287 -7961
-4315 524
9273 -1380
4880 -2541
-174 2437
3666 -2220
1486 -8082
4191 -2904
-4899 -9825
-352 1520
1115 4774
-4642 7269
-7063 -1597
178 -2556
-1074 8178
-5565 300
-1123 2973
-639 -4159
4127 -3992
9568 5666
-7198 -2853
4577 -4581
4565 7058
693 -6609
-1165 7101
3916 -5666
-8515 -7783
-3573 516
8555 1290
9455 -4159
1624 6638
8572 2482
-4009 9339
8746 -8878
-2409 -1546
3907 -9928
-1941 -3330
-2850 -2583
-2070 1857
4499 9600
259 -8740
-3889 -4180
9933 -5833
-5483 9232
8102 -456
-1290 1854
4896 71
-6592 -8052
-1071 -1751
6479 -5900
8941 -8863
-2058 -6680
845 -665
2426 -1319
-6434 -4144
-1808 -2379
-7625 -3042
5095 9370
-9421 -7973
-8474 6968
-7646 -8965
5425 -6541
-9601 -2353
-4478 6315
15 8709
-6050 6895
-1914 9775
1980 -3247
8269 9261
5176 2327
1838 1107
5552 -7193
-6187 -4460
-5732 8178
-913 -6867
-2264 -5060
-3248 9568
6763 429
4093 -2366
-9638 6433
-5767 1848
2547 -1651
-7005 6346
-5460 -5421
8506 -1842
7860 -1327
8298 -3724
-7333 4632
2714 -7371
-9007 5049
6347 2962
-7475 603
4687 -896
336 352
-34 2032
-8854 -8358
-7211 -8476
6799 4681
4500 3397
-397 -9730
-3058 9685
-396 3420
220 -7596
9683 9406
2217 -3448
1333 -5850
-5328 -7252
5617 9376
-3933 -5817
4213 6504
-9057 6757
-9795 4148
-8093 -545
-8763 3961
4980 744
2945 -3587
-1297 824
8590 -2988
1672 -5882
8124 5254
-695 -3573
-1607 -8077
3739 -1866
2471 4273
3214 -9864
7538 9064
4717 -9061
-9455 -6937
-881 2020
-7350 4746
7682 1709
1991 -285
-4246 6292
3171 -3628
-3222 -3119
7050 1678
-1498 -7864
8268 8078
5764 5138
9499 -6841
7636 -4130
3433 -514
-8080 -5403
3385 -4024
-8567 9816
-4502 3903
-500 8498
7478 -5351
-7609 6827
-7926 -9760
3856 8470
512 7638
3664 9800
1841 -7421
-4704 -6723
-1808 7241
-6665 -368
-5203 -1751
-9779 -8332
3231 -5467
3930 -9149
8387 -1885
823 5720
-5339 5882
6930 8689
-1804 -5739
6313 -6969
-799 -4758
6703 9773
466 3745
5051 1441
3872 5236
-2945 -8925
4150 8428
-834 3691
5286 1698
8853 -3394
8129 -6993
1799 1259
8302 -636
2549 7575
-856 -3646
9535 -5659
6594 -9503
5165 7471
-2294 1894
9419 5610
5737 8924
7136 -8217
-284 -1421
6939 -4584
9672 4935
-1 3034
-7274 6075
8404 -7579
1656 391
-3087 2790
-9369 9104
-591 -8853
-6646 -6848
9498 4287
7761 -5437
1561 -1206
6063 -3568
9826 -249
181 -1945
-9518 -7100
7221 1054
3119 6485
-7875 -7311
3791 -9589
-5643 -8048
-163 4991
9382 -1278
4015 -4173
-6528 -1331
-9436 9525
-9872 -4220
-9246 -8365
-7772 4391
-5491 260
6175 -2980
-4949 771
-8864 812
4454 -5718
-2995 -694
1704 -4745
5478 7290
1077 6157
-3158 -3190
2069 -4764
6146 -1683
-6301 8265
-1167 -4361
7309 9949
5146 -2430
5518 9953
2481 2886
-4753 9542
-4373 8364
-3053 290
-6671 7060
6436 9953
-4251 -2358
4653 -61
8457 -1150
-4821 -8019
-6624 7118
-3160 1567
-9541 -9426
-8827 -5907
9272 8294
2323 -5963
1740 963
-6548 535
-9429 4522
3314 -9310
9752 -2001
-7382 5048
1973 2614
3033 -2387
5465 -2622
-3242 -9652
-29 -9380
-6769 5674
-8649 8504
-9585 6605
5757 5833
-9121 -5759
-5488 5353
-7161 8558
4199 4995
4060 4077
3990 -2017
-5842 557
9020 -1360
-1616 7311
3276 1811
-4595 7268
-6656 178
3001 4377
3072 -3423
-7702 2752
-4824 7684
-1832 6308
-7513 1235
2132 -9260
-3555 1267
9863 5720
7432 -8781
1046 8553
-6451 2526
4320 -7346
-5394 5788
3766 -6444
577 -5952
-758 -9259
6319 5417
-728 2256
5682 5620
-5064 -9455
3762 -3203
-7396 9354
6168 -3644
768 1396
-3875 870
7182 7966
-5724 3638
-472 2330
-1422 -5430
-2657 5951
-2301 1736
-3207 -6646
5436 -4287
5039 3878
3212 167
3106 4555
2804 2629
-1935 -406
5888 -4859
9792 3365
-2288 5742
2154 -6798
-8107 -7650
-1475 8410
8108 -8187
9184 -2884
-2594 -548
4168 -5853
8645 1748
3344 -1449
-7460 709
-8466 -3504
-3028 7050
-555 -5548
-1394 8993
4601 9
-5631 4218
-7368 1825
-309 972
-673 8257
-3565 -1542
6309 8624
-8923 -5956
8599 3960
2878 -6062
-2083 2662
-2982 -3361
-3367 -2268
6686 -9777
-9347 5045
3188 9805
4415 5721
8533 1436
-6039 7062
2117 6226
-2706 5195
6836 5815
-2735 -7971
2241 -8956
7304 -6084
-9409 -160
5645 -3837
4722 9140
5668 -5456
-621 2455
896 2545
-9655 305
-5404 9151
1086 -3169
-5569 -764
2658 -58
616 1263
3415 8896
-1151 -3725
-2520 5183
-9521 -7631
8864 -138
-2260 -4718
8924 -8491
-5429 -3880
-5576 2483
7258 -2876
3376 8424
9681 -5103
-5313 -1469
-2311 -8813
5593 7941
174 -2751
7400 -1087
-1596 3563
-8805 -4186
-7703 7161
2754 9346
2340 1177
-6967 -2539
6624 560
14 4742
4196 7518
-4199 -8666
6770 5245
6181 -5894
3519 -5032
1499 -2760
5240 -5388
8770 -3467
-8536 9618
-2213 5609
4940 6026
2831 -9393
-8232 -1773
-4109 8069
3734 -7372
6353 -5971
-6625 2653
8259 5075
-4533 -7683
409 -5370
1282 -6318
-3038 596
2605 -9105
9684 -9976
-4408 9151
-9080 -9696
-2968 2159
