7265 2114
-9152 -7334
-7084 -6047
9083 -6380
-7735 -5879
390 7014
-5108 675
-5702 6251
-6182 7754
-3327 4455
-275 1970
-19 2040
-1310 1259
-7898 -8867
2024 -2468
1240 3483
-6828 -4811
-1156 9301
-880 -852
8737 -440
5227 2310
4325 6545
2942 -7336
1201 7910
9664 7082
3076 -5248
575 1114
-7312 -2076
-1542 -7360
-711 -989
-3177 4568
-7430 -7585
-6853 189
6498 -6156
-8128 4977
-8906 -9847
-5337 6554
3848 -8392
1972 306
-2660 1440
-5233 -3132
8840 -372
-7802 7996
-2704 273
-9490 8015
-6304 5569
-8315 6838
-8007 5657
-5310 -437
-5493 4950
2572 4730
-7172 6977
3623 2218
6218 -3737
2831 -2349
6464 4314
1768 -3033
-9161 -6168
-687 2082
-497 3614
-728 -5728
1461 -1746
-1289 -1249
-1336 -3956
-8013 2062
977 -8683
-8779 -3749
-4404 3236
7835 8336
-1943 -7829
-572 -1635
-9721 -7668
8022 6013
-7073 5958
-5370 5304
1784 -1637
8264 4297
6848 -1504
-6177 -3068
2044 -9960
9305 2498
-4063 -4309
5463 5395
236 -9971
9410 8693
1577 -4218
-2885 -6472
-2659 -3809
-9691 3963
-9937 9466
1396 2990
-7618 5530
-1451 2575
-3283 -7408
-143 8799
-4436 5177
2173 -6762
-4599 -6227
-1739 -9616
1523 3513
